
% Table created by stargazer v.5.2.2 by Marek Hlavac, Harvard University. E-mail: hlavac at fas.harvard.edu
% Date and time: Mon, Aug 27, 2018 - 18:51:00
\begin{table}[!htbp] \centering 
  \caption{Correlation Matrix: post-Tournament Technical Competence} 
  \label{tab:1competenceCorr} 
\scriptsize 
\begin{tabular}{@{\extracolsep{5pt}} ccccccccc} 
\\[-1.8ex]\hline 
\hline \\[-1.8ex] 
 & Years In Team & Training Age & Starting Team Average & Age & Ability Teammates & Ability Chinese Pros & Ability International & Team Ability China \\ 
\hline \\[-1.8ex] 
Years In Team & $1$ & $0.510$ & $$-$0.044$ & $0.569$ & $0.076$ & $0.102$ & $0.099$ & $0.261$ \\ 
Training Age & $0.510$ & $1$ & $0.0004$ & $0.697$ & $0.095$ & $0.183$ & $0.201$ & $0.190$ \\ 
Starting Team Average & $$-$0.044$ & $0.0004$ & $1$ & $$-$0.040$ & $0.203$ & $0.099$ & $0.044$ & $0.144$ \\ 
Age & $0.569$ & $0.697$ & $$-$0.040$ & $1$ & $0.132$ & $0.089$ & $0.154$ & $0.212$ \\ 
Ability Teammates & $0.076$ & $0.095$ & $0.203$ & $0.132$ & $1$ & $0.428$ & $0.383$ & $0.454$ \\ 
Ability Chinese Pros & $0.102$ & $0.183$ & $0.099$ & $0.089$ & $0.428$ & $1$ & $0.702$ & $0.273$ \\ 
Ability International & $0.099$ & $0.201$ & $0.044$ & $0.154$ & $0.383$ & $0.702$ & $1$ & $0.212$ \\ 
Team Ability China & $0.261$ & $0.190$ & $0.144$ & $0.212$ & $0.454$ & $0.273$ & $0.212$ & $1$ \\ 
\hline \\[-1.8ex] 
\end{tabular} 
\end{table} 
