
% Table created by stargazer v.5.2.2 by Marek Hlavac, Harvard University. E-mail: hlavac at fas.harvard.edu
% Date and time: Mon, Aug 27, 2018 - 18:51:00
\begin{table}[!htbp] \centering 
  \caption{Correlation Matrix: post-Tournament Team Click} 
  \label{} 
\footnotesize 
\begin{tabular}{@{\extracolsep{5pt}} ccccccc} 
\\[-1.8ex]\hline 
\hline \\[-1.8ex] 
 & unspokenUnderstanding7 & generalAtmosphere7 & clickPictorial7 & reliabilityOfOthers7 & reliabilityForOthers7 & abilityExtended7 \\ 
\hline \\[-1.8ex] 
unspokenUnderstanding7 & $1$ & $0.626$ & $0.508$ & $0.275$ & $0.230$ & $0.375$ \\ 
generalAtmosphere7 & $0.626$ & $1$ & $0.385$ & $0.301$ & $0.276$ & $0.265$ \\ 
clickPictorial7 & $0.508$ & $0.385$ & $1$ & $0.282$ & $0.021$ & $0.213$ \\ 
reliabilityOfOthers7 & $0.275$ & $0.301$ & $0.282$ & $1$ & $0.276$ & $0.544$ \\ 
reliabilityForOthers7 & $0.230$ & $0.276$ & $0.021$ & $0.276$ & $1$ & $0.375$ \\ 
abilityExtended7 & $0.375$ & $0.265$ & $0.213$ & $0.544$ & $0.375$ & $1$ \\ 
\hline \\[-1.8ex] 
\end{tabular} 
\end{table} 
