
% Table created by stargazer v.5.2.2 by Marek Hlavac, Harvard University. E-mail: hlavac at fas.harvard.edu
% Date and time: Mon, Aug 27, 2018 - 18:51:01
\begin{table}[!htbp] \centering 
  \caption{post-Tournament Factors Correlation Matrix} 
  \label{tab:postTournamentFactorCorr} 
\scriptsize 
\begin{tabular}{@{\extracolsep{5pt}} cccccccccc} 
\\[-1.8ex]\hline 
\hline \\[-1.8ex] 
 & objCompetence & subjCompetence & indPerformExp & indPerformSuccess & teamPerformanceExpect & jointActionSuccess & teamClick & socialBonding & fatigue \\ 
\hline \\[-1.8ex] 
objCompetence & $1$ & $$-$0.146$ & $0.065$ & $0.319$ & $$-$0.128$ & $$-$0.150$ & $0.011$ & $0.017$ & $0.084$ \\ 
subjCompetence & $$-$0.146$ & $1$ & $$-$0.086$ & $0.125$ & $$-$0.067$ & $0.044$ & $0.145$ & $0.195$ & $$-$0.045$ \\ 
indPerformExp & $0.065$ & $$-$0.086$ & $1$ & $0.411$ & $0.454$ & $0.285$ & $0.226$ & $0.180$ & $0.221$ \\ 
indPerformSuccess & $0.319$ & $0.125$ & $0.411$ & $1$ & $0.411$ & $0.490$ & $0.414$ & $0.273$ & $0.245$ \\ 
teamPerformanceExpect & $$-$0.128$ & $$-$0.067$ & $0.454$ & $0.411$ & $1$ & $0.709$ & $0.570$ & $0.314$ & $0.204$ \\ 
jointActionSuccess & $$-$0.150$ & $0.044$ & $0.285$ & $0.490$ & $0.709$ & $1$ & $0.686$ & $0.404$ & $0.202$ \\ 
teamClick & $0.011$ & $0.145$ & $0.226$ & $0.414$ & $0.570$ & $0.686$ & $1$ & $0.674$ & $0.271$ \\ 
socialBonding & $0.017$ & $0.195$ & $0.180$ & $0.273$ & $0.314$ & $0.404$ & $0.674$ & $1$ & $0.199$ \\ 
fatigue & $0.084$ & $$-$0.045$ & $0.221$ & $0.245$ & $0.204$ & $0.202$ & $0.271$ & $0.199$ & $1$ \\ 
\hline \\[-1.8ex] 
\end{tabular} 
\end{table} 
